,"It was cold","cold","it was freezing","freezing","it was icy","icy","it was frigid","frigid","it was chilly","chilly","winter is coming","the arctic tundra","a blast of cold air","absolute zero","It was hot","hot","it was burning","burning","it was scorching","scorching","a warm day","the desert sun","a heatwave","It was lukewarm","lukewarm","room temperature"
"It was cold",1.0000,0.3818,0.1677,0.2101,0.1677,0.2171,0.6004,0.2022,0.1677,0.1858,0.2718,0.1673,0.2017,0.1890,0.2486,0.2319,0.1677,0.2316,0.1677,0.0832,0.2017,0.2676,0.2017,0.3448,0.1319,0.1836
"cold",0.3818,1.0000,0.5794,0.6866,0.5794,0.6890,0.2347,0.6601,0.5794,0.6480,0.7182,0.4738,0.6254,0.6640,0.4436,0.7791,0.5794,0.7440,0.5794,0.1628,0.6254,0.5466,0.6254,0.4232,0.6095,0.6811
"it was freezing",0.1677,0.5794,1.0000,0.5748,1.0000,0.6116,0.1479,0.6012,1.0000,0.6240,0.5502,0.4128,0.7011,0.6277,0.6813,0.6135,1.0000,0.5863,1.0000,0.1205,0.7011,0.4508,0.7011,0.3567,0.5423,0.6161
"freezing",0.2101,0.6866,0.5748,1.0000,0.5748,0.6602,0.1732,0.6797,0.5748,0.6186,0.6092,0.4153,0.6304,0.6570,0.4756,0.6886,0.5748,0.6479,0.5748,0.1366,0.6304,0.4784,0.6304,0.3564,0.5284,0.6346
"it was icy",0.1677,0.5794,1.0000,0.5748,1.0000,0.6116,0.1479,0.6012,1.0000,0.6240,0.5502,0.4128,0.7011,0.6277,0.6813,0.6135,1.0000,0.5863,1.0000,0.1205,0.7011,0.4508,0.7011,0.3567,0.5423,0.6161
"icy",0.2171,0.6890,0.6116,0.6602,0.6116,1.0000,0.1862,0.6703,0.6116,0.6751,0.6488,0.5176,0.6337,0.6871,0.4952,0.7205,0.6116,0.7047,0.6116,0.1690,0.6337,0.5413,0.6337,0.4194,0.6476,0.6768
"it was frigid",0.6004,0.2347,0.1479,0.1732,0.1479,0.1862,1.0000,0.1609,0.1479,0.1262,0.1765,0.1212,0.1884,0.1689,0.1726,0.1925,0.1479,0.1708,0.1479,0.0757,0.1884,0.2426,0.1884,0.2133,0.1026,0.1557
"frigid",0.2022,0.6601,0.6012,0.6797,0.6012,0.6703,0.1609,1.0000,0.6012,0.7371,0.5842,0.4983,0.6911,0.6453,0.4944,0.6709,0.6012,0.6576,0.6012,0.1751,0.6911,0.4815,0.6911,0.4908,0.6198,0.6393
"it was chilly",0.1677,0.5794,1.0000,0.5748,1.0000,0.6116,0.1479,0.6012,1.0000,0.6240,0.5502,0.4128,0.7011,0.6277,0.6813,0.6135,1.0000,0.5863,1.0000,0.1205,0.7011,0.4508,0.7011,0.3567,0.5423,0.6161
"chilly",0.1858,0.6480,0.6240,0.6186,0.6240,0.6751,0.1262,0.7371,0.6240,1.0000,0.5760,0.5246,0.6533,0.6214,0.4980,0.6873,0.6240,0.6511,0.6240,0.1865,0.6533,0.4697,0.6533,0.4174,0.6535,0.6799
"winter is coming",0.2718,0.7182,0.5502,0.6092,0.5502,0.6488,0.1765,0.5842,0.5502,0.5760,1.0000,0.4437,0.5840,0.6179,0.4325,0.6109,0.5502,0.6342,0.5502,0.1432,0.5840,0.5593,0.5840,0.3338,0.5553,0.6431
"the arctic tundra",0.1673,0.4738,0.4128,0.4153,0.4128,0.5176,0.1212,0.4983,0.4128,0.5246,0.4437,1.0000,0.4561,0.4623,0.3610,0.4574,0.4128,0.4489,0.4128,0.1943,0.4561,0.6192,0.4561,0.4579,0.4465,0.4653
"a blast of cold air",0.2017,0.6254,0.7011,0.6304,0.7011,0.6337,0.1884,0.6911,0.7011,0.6533,0.5840,0.4561,1.0000,0.6784,0.5446,0.6333,0.7011,0.6034,0.7011,0.1562,1.0000,0.4801,1.0000,0.3962,0.5443,0.6168
"absolute zero",0.1890,0.6640,0.6277,0.6570,0.6277,0.6871,0.1689,0.6453,0.6277,0.6214,0.6179,0.4623,0.6784,1.0000,0.4768,0.6485,0.6277,0.6742,0.6277,0.1470,0.6784,0.5063,0.6784,0.3844,0.5648,0.6608
"It was hot",0.2486,0.4436,0.6813,0.4756,0.6813,0.4952,0.1726,0.4944,0.6813,0.4980,0.4325,0.3610,0.5446,0.4768,1.0000,0.4812,0.6813,0.4592,0.6813,0.0931,0.5446,0.4051,0.5446,0.3861,0.3969,0.4795
"hot",0.2319,0.7791,0.6135,0.6886,0.6135,0.7205,0.1925,0.6709,0.6135,0.6873,0.6109,0.4574,0.6333,0.6485,0.4812,1.0000,0.6135,0.7752,0.6135,0.1398,0.6333,0.5143,0.6333,0.3959,0.5976,0.6597
"it was burning",0.1677,0.5794,1.0000,0.5748,1.0000,0.6116,0.1479,0.6012,1.0000,0.6240,0.5502,0.4128,0.7011,0.6277,0.6813,0.6135,1.0000,0.5863,1.0000,0.1205,0.7011,0.4508,0.7011,0.3567,0.5423,0.6161
"burning",0.2316,0.7440,0.5863,0.6479,0.5863,0.7047,0.1708,0.6576,0.5863,0.6511,0.6342,0.4489,0.6034,0.6742,0.4592,0.7752,0.5863,1.0000,0.5863,0.1611,0.6034,0.5166,0.6034,0.4002,0.6051,0.6819
"it was scorching",0.1677,0.5794,1.0000,0.5748,1.0000,0.6116,0.1479,0.6012,1.0000,0.6240,0.5502,0.4128,0.7011,0.6277,0.6813,0.6135,1.0000,0.5863,1.0000,0.1205,0.7011,0.4508,0.7011,0.3567,0.5423,0.6161
"scorching",0.0832,0.1628,0.1205,0.1366,0.1205,0.1690,0.0757,0.1751,0.1205,0.1865,0.1432,0.1943,0.1562,0.1470,0.0931,0.1398,0.1205,0.1611,0.1205,1.0000,0.1562,0.1340,0.1562,0.1254,0.1597,0.1604
"a warm day",0.2017,0.6254,0.7011,0.6304,0.7011,0.6337,0.1884,0.6911,0.7011,0.6533,0.5840,0.4561,1.0000,0.6784,0.5446,0.6333,0.7011,0.6034,0.7011,0.1562,1.0000,0.4801,1.0000,0.3962,0.5443,0.6168
"the desert sun",0.2676,0.5466,0.4508,0.4784,0.4508,0.5413,0.2426,0.4815,0.4508,0.4697,0.5593,0.6192,0.4801,0.5063,0.4051,0.5143,0.4508,0.5166,0.4508,0.1340,0.4801,1.0000,0.4801,0.3576,0.4259,0.5119
"a heatwave",0.2017,0.6254,0.7011,0.6304,0.7011,0.6337,0.1884,0.6911,0.7011,0.6533,0.5840,0.4561,1.0000,0.6784,0.5446,0.6333,0.7011,0.6034,0.7011,0.1562,1.0000,0.4801,1.0000,0.3962,0.5443,0.6168
"It was lukewarm",0.3448,0.4232,0.3567,0.3564,0.3567,0.4194,0.2133,0.4908,0.3567,0.4174,0.3338,0.4579,0.3962,0.3844,0.3861,0.3959,0.3567,0.4002,0.3567,0.1254,0.3962,0.3576,0.3962,1.0000,0.4054,0.4053
"lukewarm",0.1319,0.6095,0.5423,0.5284,0.5423,0.6476,0.1026,0.6198,0.5423,0.6535,0.5553,0.4465,0.5443,0.5648,0.3969,0.5976,0.5423,0.6051,0.5423,0.1597,0.5443,0.4259,0.5443,0.4054,1.0000,0.6673
"room temperature",0.1836,0.6811,0.6161,0.6346,0.6161,0.6768,0.1557,0.6393,0.6161,0.6799,0.6431,0.4653,0.6168,0.6608,0.4795,0.6597,0.6161,0.6819,0.6161,0.1604,0.6168,0.5119,0.6168,0.4053,0.6673,1.0000
