22
52
69
95
118
122
138
148
174
177
188
232
236
247
269
272
297
301
303
318
366
395
407
416
448
503
518
568
571
578
623
644
649
659
697
709
716
738
742
785
798
814
831
845
862
866
867
868
877
879
892
910
918
929
930
965
969
1002
1005
1010
1017
1020
1032
1082
1084
1108
1138
1145
1154
1178
1196
1206
1234
1290
1300
1302
1304
1344
1373
1386
1393
1413
1421
1432
1436
1443
1489
1513
1528
1542
1592
1613
1625
1629
1632
1637
1680
1707
1733
1738
1743
1752
1817
1825
1828
1829
1844
1866
1880
1900
1922
1924
1940
1983
1990
1993
1998
2010
2050
2078
2119
2121
2140
2147
2156
2173
2191
2222
2225
2248
2278
2349
2366
2374
2400
2426
2430
2455
2460
2473
2526
2553
2604
2638
2655
2675
2694
2696
2700
2713
2736
2739
2765
2766
2833
2904
2926
2938
2949
2957
2959
2969
2975
2996
3014
3016
3018
3039
3048
3061
3065
3068
