0
2
8
20
25
38
43
45
46
48
62
67
73
75
84
96
99
102
105
107
114
124
131
143
147
170
171
178
181
183
184
186
190
192
195
196
202
206
210
217
219
232
236
244
246
254
256
266
267
273
287
292
294
295
296
298
311
313
316
336
338
339
340
345
349
351
356
360
377
378
385
386
392
396
397
399
405
419
427
429
431
434
438
442
447
461
462
463
466
484
485
508
515
520
527
540
541
548
550
559
561
562
564
574
580
592
593
602
603
607
612
614
619
620
626
635
638
646
647
664
666
668
671
674
682
686
688
689
690
691
692
693
698
702
706
709
718
727
733
746
748
766
771
777
779
782
784
787
788
792
800
801
826
836
838
841
849
852
858
869
870
882
906
909
911
912
917
928
935
937
938
945
946
949
954
960
961
971
978
984
994
998
1000
1034
1054
1055
1062
1066
1074
1079
1087
1094
1098
1100
1102
1104
1108
1109
1110
1113
1118
1120
1124
1128
1131
1146
1147
1150
1151
1155
1156
1158
1172
1178
1187
1192
1194
1199
1200
1202
1206
1210
1217
1219
1226
1235
1236
1238
1242
1249
1253
1256
1265
1275
1278
1285
1291
1299
1303
1306
1308
1318
1319
1328
1335
1342
1371
1372
1384
1395
1398
1399
1402
1404
1405
1409
1418
1422
1426
1430
1435
1445
1449
1456
1461
1462
1467
1473
1475
1479
1482
1502
1504
1515
1523
1525
1526
1534
1535
1552
1558
1559
1563
1568
1581
1588
1594
1600
1606
1613
1623
1627
1640
1642
1645
1654
1662
1669
1678
1681
1684
1691
1695
1701
1710
1718
1726
1731
1734
1737
1738
1745
1749
1754
1763
1767
1777
1780
1783
1787
1789
1790
1791
1795
1796
1797
1800
1807
1814
1815
1819
1820
1821
1824
1830
1831
1833
1843
1848
1855
1857
1858
1860
1863
1865
1867
1869
1870
1888
1903
1906
1908
1912
1918
1934
1935
1937
1942
1943
1948
1949
1957
1959
1960
1970
1974
1994
1997
2005
2019
2024
2026
2029
2031
2038
2044
2051
2057
2058
2073
2078
2094
2095
2098
2108
2115
2118
2124
2133
2145
2148
2154
2159
2162
2166
2171
2175
2176
2208
2215
2219
2223
2232
2233
2238
2241
2247
2265
2268
2270
2281
2286
2287
2292
2296
2301
2304
2305
2311
2312
2315
2319
2328
2330
2331
2333
2341
2352
2360
2363
2368
2369
2373
2375
2390
2429
2432
2444
2451
2452
2454
2458
2459
2466
2467
2468
2469
2476
2489
2492
2496
2498
2499
2503
2505
2506
2510
2513
2514
2520
2522
2528
2552
2559
2561
2572
2573
2575
2576
2577
2590
2599
2602
2607
2609
2613
2614
2622
2646
2659
2660
2661
2664
2671
2672
2681
2684
2688
2697
2705
2707
2711
2720
2723
2731
2735
2741
2742
2747
2752
2761
2776
2788
2793
2796
2807
2808
2812
2813
2829
2834
2840
2856
2861
2864
2869
2874
2881
2887
2898
2907
2943
2944
2945
2953
2954
2972
2977
2978
2979
2982
2988
2989
3002
3007
3012
3017
3022
3028
3032
3047
3052
3055
3058
3064
