0
2
20
25
46
48
67
75
96
114
124
183
186
190
192
196
206
219
236
256
287
296
339
349
351
356
377
385
438
466
485
515
527
561
574
593
602
603
607
612
619
626
646
647
671
692
702
706
709
718
727
787
788
792
826
836
841
849
869
906
909
954
978
984
994
1062
1079
1108
1124
1155
1158
1172
1187
1192
1194
1200
1202
1217
1219
1226
1242
1249
1253
1285
1291
1299
1303
1328
1342
1384
1395
1398
1402
1418
1422
1449
1456
1475
1526
1563
1588
1606
1623
1627
1662
1684
1691
1701
1734
1737
1745
1796
1800
1820
1824
1830
1831
1833
1848
1863
1865
1906
1908
1912
1918
1935
1942
1957
1959
1994
2005
2024
2038
2057
2078
2095
2108
2118
2159
2232
2304
2305
2311
2312
2319
2328
2333
2341
2390
2444
2458
2459
2492
2499
2505
2510
2522
2552
2561
2573
2577
2607
2613
2622
2646
2660
2671
2681
2684
2688
2723
2731
2747
2788
2812
2813
2829
2840
2881
2907
2954
2972
2979
2988
3002
3012
3022
